11100101100111111101000000110000
11101010000000000000000000111000
00000001000000000000000000000000
00000000000000000000000000000000
00000000000000000000000000000000
00000000000000000000000000000000
00000001000000010000000000000000
00000000000000000000000000000101
00000000000000000000000000000100
00000000000000000000000000000110
00000001000000000000000000000000
00000000000000000000000000000111
00000000000000000000000000001000
00000000000000000000111100001101
11101010000000000000000001010100
11100101000111110010000000100000
11100111000111010010000000000010
11100101000011110010000001001000
11100101000111110000000001001100
11101111000000000000000000000001
11100001101000001111000000001110
11101010000000000000000001011000
11100101010111110010000001010100
11100101000011110010000001010100
11100101010111110010000001010100
11100101000011110010000001010100
11101010000000000000000001101100
11100101000111110010000001100100
11100101010111110011000001011100
11100001001100100000000000000011
00001010000000000000000010000000
00011010000000000000000011100100
11100101000111110010000001110000
11100101010111110011000001101111
11100001001100100000000000000011
00001010000000000000000010010100
00011010000000000000000010111000
11100010100011011101000000001000
11100101000011011110000000001000
11100101000111110010000010000000
11100101000111110011000010001000
11100111000011010011000000000010
11101011000000000000000000111100
11100101000111011110000000001000
11100010010011011101000000001000
11101010000000000000000011100000
11100010100011011101000000001000
11100101000011011110000000001000
11100101000111110010000010100100
11100101000111110011000010100100
11100111000011010011000000000010
11101011000000000000000000111100
11100101000111011110000000001000
11100010010011011101000000001000
11101010000000000000000011100000
11100010100000000000000000000000
11101010000000000000000101001100
11100101000111110010000011010100
11100101010111110011000011000100
11100001001100100000000000000011
00001010000000000000000011111000
00011010000000000000000100011100
11100010100011011101000000001000
11100101000011011110000000001000
11100101000111110010000011100100
11100101000111110011000011011100
11100111000011010011000000000010
11101011000000000000000000111100
11100101000111011110000000001000
11100010010011011101000000001000
11101010000000000000000101000100
11100010100011011101000000001000
11100101000011011110000000001000
11100101000111110010000100001000
11100101000111110011000011111100
11100111000011010011000000000010
11101011000000000000000000111100
11100101000111011110000000001000
11100010010011011101000000001000
11101010000000000000000101000100
11100010100000000000000000000000
11101010000000000000000101001100
11100010100000000000000000000000
00000110000000000000000000010000
